04 01 00 00  6b 02 C0 00  53 06 00 34  53 06 00 34  
53 06 00 6c  53 06 00 34  53 06 00 34  53 06 00 34  
53 06 00 6c  07 00 01 03  57 04 00 ac  04 05 01 00  
53 06 00 30  63 02 C0 00  65 08 C0 02  30 02 02 01  
65 09 C0 02  30 02 02 01  67 02 C0 00  30 01 01 01  
63 02 C0 00  32 02 02 01  61 03 C0 02  32 02 02 01  
61 04 C0 02  67 02 C0 00  50 06 04 03  63 02 C0 00  
65 08 C0 02  30 02 02 01  65 09 C0 02  30 02 02 01  
67 02 C0 00  32 01 01 01  63 02 C0 00  32 02 02 01  
61 03 C0 02  32 02 02 01  61 04 C0 02  67 02 C0 00  
50 06 04 03  04 05 02 00  53 06 00 a8  02 00 00 00  