6b 81 80 00  6b 00 80 01  6b 81 80 02  6b FF 80 03  
53 06 00 1c  53 06 00 50  02 00 00 00  03 01 08 00  
03 02 09 00  53 06 00 d8  04 0A 11 00  04 0B 22 00  
53 06 00 38  53 06 01 64  03 01 08 00  03 02 09 00  
53 06 00 d8  04 0C 33 00  04 0D 44 00  53 06 01 64  
03 01 08 00  03 02 09 00  53 06 00 d8  04 0E 55 00  
04 0F 66 00  53 06 01 64  67 08 80 10  67 09 80 11  
05 00 01 03  37 06 06 FE  57 02 00 a0  57 08 00 98  
05 00 02 04  37 06 06 FE  57 02 00 a0  57 08 00 98  
04 0A 00 00  53 06 01 a0  04 0A FF 00  53 06 01 a0  
04 0A 01 00  53 06 01 a0  67 08 80 10  67 09 80 11  
05 00 02 04  37 06 06 F1  57 01 00 c0  53 06 00 c4  
30 01 01 01  10 02 02 04  10 01 01 03  03 0A 01 00  
03 0B 02 00  53 06 01 a0  67 08 80 10  67 09 80 11  
63 03 80 00  63 04 80 01  63 05 80 02  05 00 03 05  
37 06 06 FE  57 08 01 1c  07 00 04 FD  37 06 06 FE  
57 02 01 5c  30 04 04 02  63 05 80 03  05 00 04 05  
37 06 06 FE  57 02 01 5c  32 04 04 02  04 05 00 00  
64 01 03 04  07 00 04 FF  37 06 06 FE  57 04 01 54  
30 04 04 01  64 02 03 04  07 00 04 FF  37 06 06 FE  
57 04 01 54  30 04 04 01  67 03 80 00  67 04 80 01  
53 06 01 a0  30 03 03 01  53 06 01 a0  04 05 01 00  
53 06 01 a0  63 01 80 00  63 02 80 01  07 00 02 00  
57 04 01 98  32 02 02 01  60 03 01 02  07 00 02 00  
57 04 01 98  32 02 02 01  60 04 01 02  67 01 80 00  
67 02 80 01  50 06 04 03  32 01 01 01  50 06 08 09  
63 03 80 10  63 04 80 11  50 06 03 04  04 01 10 00  
04 02 10 00  04 03 20 00  04 04 15 00  04 0B 88 00  
53 06 00 68  07 00 0A FF  37 06 06 FE  57 04 01 d8  
04 05 01 00  53 06 01 d4  04 01 10 00  04 02 10 00  
04 03 20 00  04 04 F5 00  53 06 00 a8  07 00 0A 31  
57 04 01 fc  04 05 02 00  53 06 01 f8  07 00 0B 05  
57 04 02 0c  04 05 03 00  53 06 02 08  02 00 00 00  