80 00 00 00  00 00 42 4F  4F 54 00 00  00 00 00 00 
02 4B 45 52  4E 45 4C 00  00 00 01 00  50 52 4F 47 
00 00 00 00  00 00 00 00  00 00 00 00  00 00 00 00 
00 00 00 00  00 00 00 00  00 00 00 00  00 00 00 00 
00 00 00 00  00 00 00 00  00 00 00 00  00 00 00 00 
00 00 00 00  00 00 00 00  00 00 00 00  00 00 00 00 
00 00 00 00  00 00 00 00  00 00 00 00  00 00 00 00 
00 00 00 00  00 00 00 00  00 00 00 00  00 00 00 00 
00 00 00 00  00 00 00 00  00 00 00 00  00 00 00 00 
00 00 00 00  00 00 00 00  00 00 00 00  00 00 00 00 
00 00 00 00  00 00 00 00  00 00 00 00  00 00 00 00 
00 00 00 00  00 00 00 00  00 00 00 00  00 00 00 00 
00 00 00 00  00 00 00 00  00 00 00 00  00 00 00 00 
00 00 00 00  00 00 00 00  00 00 00 00  00 00 00 00 
00 00 00 00  00 00 00 00  00 00 00 00  00 00 00 00 
00 00 00 00  00 00 00 00  00 00 00 00  00 00 00 00 
00 00 00 00  00 00 00 00  00 00 00 00  00 00 00 00 
00 00 00 00  00 00 00 00  00 00 00 00  00 00 00 00 
00 00 00 00  00 00 00 00  00 00 00 00  00 00 00 00 
00 00 00 00  00 00 00 00  00 00 00 00  00 00 00 00 
00 00 00 00  00 00 00 00  00 00 00 00  00 00 00 00 
00 00 00 00  00 00 00 00  00 00 00 00  00 00 00 00 
00 00 00 00  00 00 00 00  00 00 00 00  00 00 00 00 
00 00 00 00  00 00 00 00  00 00 00 00  00 00 00 00 
00 00 00 00  00 00 00 00  00 00 00 00  00 00 00 00 
00 00 00 00  00 00 00 00  00 00 00 00  00 00 00 00 
00 00 00 00  00 00 00 00  00 00 00 00  00 00 00 00 
00 00 00 00  00 00 00 00  00 00 00 00  00 00 00 00 
00 00 00 00  00 00 00 00  00 00 00 00  00 00 00 00 
00 00 00 00  00 00 00 00  00 00 00 00  00 00 00 00 
00 00 00 00  00 00 00 00  00 00 00 00  00 00 00 00 
00 00 00 00  00 00 00 00  00 00 00 00  00 00 00 00 