00 00 00 00  6B 1B 40 02  6B FF 40 03  6B 00 40 07 
6B 00 40 08  6B 7F 40 09  6B FF 40 0A  6B 7F 40 0B 
6B FF 40 0C  04 01 4B 00  04 02 34 00  53 06 49 EC 
53 06 42 30  63 08 40 00  63 09 40 01  50 06 08 09 
67 08 40 0D  67 09 40 0E  63 08 40 02  07 00 08 17 
57 05 43 F4  63 09 40 03  63 06 40 04  64 06 08 09 
07 00 09 01  37 06 06 01  39 06 06 01  12 08 08 06 
67 08 40 02  32 09 09 01  67 09 40 03  63 08 40 0D 
63 09 40 0E  50 06 08 09  67 08 40 0D  67 09 40 0E 
63 08 40 02  63 09 40 03  07 00 09 FF  37 06 06 01 
10 08 08 06  67 08 40 02  30 09 09 01  67 09 40 03 
07 00 08 1C  57 05 43 EC  60 06 08 09  67 06 40 04 
63 08 40 0D  63 09 40 0E  50 06 08 09  67 08 40 00 
67 09 40 01  67 0A 40 04  53 06 42 40  67 0B 40 04 
53 06 42 40  67 0C 40 04  53 06 42 40  67 0D 40 04 
53 06 42 40  67 0E 40 04  53 06 42 40  67 0F 40 04 
53 06 42 40  53 06 42 34  67 08 40 00  67 09 40 01 
53 06 42 88  63 0F 40 04  53 06 42 88  63 0E 40 04 
53 06 42 88  63 0D 40 04  53 06 42 88  63 0C 40 04 
53 06 42 88  63 0B 40 04  53 06 42 88  63 0A 40 04 
53 06 42 34  67 08 40 00  67 09 40 01  67 01 40 04 
53 06 42 40  67 02 40 04  53 06 42 40  67 03 40 04 
53 06 42 40  67 04 40 04  53 06 42 40  67 05 40 04 
53 06 42 40  53 06 42 34  67 08 40 00  67 09 40 01 
53 06 42 88  63 05 40 04  53 06 42 88  63 04 40 04 
53 06 42 88  63 03 40 04  53 06 42 88  63 02 40 04 
53 06 42 88  63 01 40 04  53 06 42 34  67 08 40 00 
67 09 40 01  63 06 40 05  67 06 40 04  53 06 42 40 
63 06 40 06  67 06 40 04  53 06 42 40  53 06 42 34 
53 06 42 88  63 06 40 04  67 06 40 01  53 06 42 88 
63 06 40 04  67 06 40 00  53 06 42 34  04 05 03 00 
53 06 43 EC  04 05 02 00  53 06 43 F4  04 05 01 00 
53 06 43 FC  67 08 40 00  67 09 40 01  63 06 1C 08 
37 06 06 80  07 00 06 80  57 05 44 0C  53 06 42 34 
67 08 40 05  67 09 40 06  53 06 43 AC  53 06 44 04 
67 01 1C 0A  67 02 1C 0B  6B 04 1C 08  53 06 44 04 
53 06 43 D0  67 08 40 05  67 09 40 06  53 06 43 AC 
53 06 44 04  67 01 1C 0A  67 02 1C 0B  6B 08 1C 08 
53 06 44 04  53 06 43 D0  67 08 40 05  67 09 40 06 
53 06 43 AC  03 0D 04 00  03 0A 01 00  03 0B 02 00 
04 01 00 00  04 02 01 00  53 06 44 20  63 06 1E 00 
37 06 06 80  07 00 06 80  04 05 00 00  57 05 44 A4 
04 05 02 00  53 06 43 D0  67 08 40 00  67 09 40 01 
60 0E 03 04  53 06 47 60  60 0F 03 04  53 06 47 60 
53 06 42 34  67 08 40 05  67 09 40 06  53 06 43 AC 
53 06 42 CC  67 03 40 04  53 06 42 40  53 06 44 68 
07 00 05 02  57 05 45 34  04 0C 00 00  04 03 1E 00 
40 04 00 04  53 06 44 A8  03 01 0A 00  03 02 0B 00 
53 06 47 F0  07 00 05 00  57 05 45 40  04 01 00 00 
04 02 09 00  53 06 47 74  03 03 01 00  03 04 02 00 
30 0C 0C 01  07 00 0C 2E  37 06 06 04  57 00 44 F4 
04 05 01 00  03 01 0A 00  03 02 0B 00  53 06 45 4C 
04 05 00 00  03 01 0E 00  03 02 0F 00  53 06 42 88 
63 03 40 04  03 04 0D 00  53 06 43 08  53 06 43 D0 
67 08 40 05  67 09 40 06  53 06 43 AC  53 06 42 CC 
67 03 40 04  53 06 42 40  53 06 44 68  07 00 05 02 
57 05 45 D0  04 0C 00 00  04 03 1E 00  40 04 00 04 
53 06 44 A8  05 00 0A 0E  57 05 45 A0  53 06 45 A8 
05 00 0B 0F  57 05 45 DC  04 01 00 00  04 02 09 00 
53 06 47 74  03 03 01 00  03 04 02 00  30 0C 0C 01 
07 00 0C 2E  37 06 06 04  57 00 45 90  04 05 01 00 
03 01 0A 00  03 02 0B 00  53 06 45 E8  04 05 00 00 
03 01 03 00  03 02 04 00  53 06 42 88  63 03 40 04 
03 04 0D 00  53 06 43 08  53 06 43 D0  67 08 40 05 
67 09 40 06  53 06 43 AC  53 06 42 CC  03 0A 01 00 
03 0B 02 00  03 0C 03 00  03 0D 04 00  53 06 44 C4 
07 00 05 00  57 05 46 2C  53 06 46 B0  53 06 44 20 
63 06 1E 00  07 00 06 00  57 05 46 44  04 05 03 00 
53 06 46 B0  04 01 1E 00  04 02 04 00  04 05 FC 00 
53 06 48 40  04 01 00 00  04 02 FC 00  53 06 47 74 
03 03 01 00  03 04 02 00  04 01 1F 00  04 02 00 00 
04 05 00 00  53 06 48 40  04 01 01 00  04 02 00 00 
53 06 47 74  03 03 01 00  03 04 02 00  63 01 1E 01 
63 02 1E 02  07 00 01 00  37 06 06 04  57 00 46 2C 
07 00 02 00  37 06 06 04  57 00 46 2C  04 05 00 00 
03 01 0A 00  03 02 0B 00  03 03 0C 00  03 04 0D 00 
53 06 43 08  53 06 43 D0  67 08 40 05  67 09 40 06 
53 06 43 AC  67 01 40 04  53 06 42 40  67 02 40 04 
53 06 42 40  53 06 44 C4  07 00 05 00  57 05 46 F8 
53 06 47 38  04 03 00 00  53 06 44 20  63 06 1E 00 
07 00 06 00  57 05 47 10  04 05 03 00  53 06 47 38 
30 03 03 01  63 01 1E 01  63 02 1E 02  07 00 01 00 
37 06 06 04  57 00 46 F8  07 00 02 00  37 06 06 04 
57 00 46 F8  04 05 00 00  53 06 42 88  63 02 40 04 
53 06 42 88  63 01 40 04  53 06 43 D0  07 00 02 FF 
37 06 06 01  10 01 01 06  30 02 02 01  50 06 08 09 
07 00 04 FF  37 06 06 01  10 03 03 06  30 04 04 01 
50 06 08 09  67 08 40 00  67 09 40 01  07 00 04 00 
57 05 47 98  39 06 04 FF  30 06 06 01  05 00 02 06 
37 06 06 01  10 01 01 06  10 02 02 04  10 01 01 03 
53 06 42 34  67 08 40 00  67 09 40 01  07 00 04 00 
57 05 47 C4  05 00 02 04  37 06 06 01  39 06 06 01 
12 01 01 06  12 02 02 04  12 01 01 03  53 06 42 34 
67 08 40 00  67 09 40 01  05 00 01 03  57 05 47 E4 
53 06 47 E8  05 00 02 04  03 05 06 00  53 06 42 34 
67 08 40 05  67 09 40 06  53 06 43 AC  53 06 43 44 
60 05 01 02  60 06 03 04  05 00 05 06  37 06 06 04 
57 00 48 28  07 00 05 00  57 05 48 34  53 06 47 4C 
53 06 47 60  53 06 48 00  53 06 43 78  04 05 01 00 
53 06 43 D0  53 06 43 78  04 05 00 00  53 06 43 D0 
67 08 40 05  67 09 40 06  53 06 43 AC  53 06 43 44 
60 06 01 02  64 06 03 04  53 06 47 4C  53 06 47 60 
32 05 05 01  07 00 05 00  37 06 06 04  57 00 48 50 
53 06 43 78  53 06 43 D0  67 08 40 05  67 09 40 06 
53 06 43 AC  53 06 43 44  63 01 40 0B  63 02 40 0C 
04 03 00 00  53 06 47 A4  07 00 01 50  37 06 06 08 
57 08 48 B4  67 01 40 0B  67 02 40 0C  53 06 43 78 
53 06 43 D0  53 06 43 78  04 05 01 00  53 06 43 D0 
67 08 40 05  67 09 40 06  53 06 43 AC  53 06 43 44 
63 01 40 0B  63 02 40 0C  04 03 00 00  53 06 47 74 
63 03 40 09  63 04 40 0A  53 06 47 D0  03 06 05 00 
37 06 06 02  57 02 48 B4  67 01 40 0B  67 02 40 0C 
53 06 43 78  53 06 43 D0  53 06 43 78  04 05 01 00 
53 06 43 D0  67 08 40 05  67 09 40 06  53 06 43 AC 
03 0A 01 00  03 0B 02 00  03 0C 03 00  03 0D 04 00 
63 01 40 09  63 02 40 0A  63 03 40 0B  63 04 40 0C 
53 06 47 A4  03 03 0A 00  03 04 0B 00  53 06 47 D0 
03 06 05 00  37 06 06 08  04 05 01 00  57 08 43 D0 
04 05 00 00  63 01 40 09  63 02 40 0A  53 06 47 A4 
53 06 43 D0  67 08 40 05  67 09 40 06  53 06 43 AC 
53 06 42 CC  53 06 49 14  07 00 05 01  57 05 49 98 
60 06 01 02  67 06 40 10  03 01 0A 00  03 02 0B 00 
03 03 0C 00  03 04 0D 00  53 06 43 08  53 06 43 D0 
67 08 40 05  67 09 40 06  53 06 43 AC  53 06 42 CC 
53 06 49 14  07 00 05 01  57 05 49 D4  63 06 40 10 
64 06 01 02  03 01 0A 00  03 02 0B 00  03 03 0C 00 
03 04 0D 00  53 06 43 08  53 06 43 D0  67 08 40 05 
67 09 40 06  53 06 43 AC  67 03 40 04  53 06 42 40 
53 06 46 C8  07 00 05 00  57 05 4A 18  53 06 42 88 
63 03 40 04  53 06 4A BC  34 03 03 02  63 06 40 0B 
32 06 06 4F  05 00 03 06  37 06 06 08  57 08 4A 40 
04 05 04 00  53 06 42 88  63 03 40 04  53 06 4A BC 
53 06 42 88  63 03 40 04  63 06 40 07  67 06 40 04 
53 06 42 40  63 06 40 08  67 06 40 04  53 06 42 40 
63 06 40 09  67 06 40 04  53 06 42 40  63 06 40 0A 
67 06 40 04  53 06 42 40  63 06 40 0B  67 06 40 04 
67 06 40 09  53 06 42 40  63 06 40 0C  67 06 40 04 
67 06 40 0A  53 06 42 40  53 06 43 44  04 03 50 00 
04 04 00 00  53 06 45 FC  53 06 44 C4  67 01 40 07 
67 02 40 08  53 06 43 78  53 06 50 00  53 06 43 D0 
53 06 42 88  63 06 40 04  67 06 40 0C  53 06 42 88 
63 06 40 04  67 06 40 0B  53 06 42 88  63 06 40 04 
67 06 40 0A  53 06 42 88  63 06 40 04  67 06 40 09 
53 06 42 88  63 06 40 04  67 06 40 08  53 06 42 88 
63 06 40 04  67 06 40 07  53 06 43 44  53 06 42 CC 
63 01 40 07  63 02 40 08  53 06 45 60  04 03 50 00 
04 04 00 00  53 06 45 FC  53 06 43 08  53 06 43 78 
53 06 43 D0  50 52 4F 47  00 