53 06 0B 40  00 00 00 00  00 00 00 00  00 00 00 00 
00 00 00 00  00 00 00 00  00 00 00 00  00 00 00 00 
00 00 00 00  00 00 00 00  00 00 00 00  00 00 00 00 
00 00 00 00  00 00 00 00  00 00 00 00  00 00 00 00 
00 00 00 00  00 00 00 00  00 00 00 00  00 00 00 00 
00 00 00 00  00 00 00 00  00 00 00 00  00 00 00 00 
00 00 00 00  00 00 00 04  44 04 0A A0  00 0A EA EA 
0E CE 6E 0A  24 8A 06 A4  AD 08 80 00  04 88 84 04 
22 24 0A 4A  00 00 4E 40  00 00 48 00  0E 00 00 00 
04 02 24 88  0E AA AE 02  22 22 0E 2E  8E 0E 2E 2E 
0A AE 22 0E  8E 2E 0E 8E  AE 0E 22 22  0E AE AE 0E 
AE 2E 00 04  04 00 40 48  02 48 42 00  E0 E0 08 42 
48 0E 26 04  04 AA 86 0E  AE AA 0E AC  AE 0E 88 8E 
0C AA AC 0E  8E 8E 0E 8E  88 0E 8A AE  0A AE AA 04 
04 44 0E 44  4C 0A AC AA  08 88 8E 0A  EE AA 0C AA 
AA 06 AA AC  0E AE 88 0E  AA C6 0E AC  AA 0E 84 2E 
0E 44 44 0A  AA AE 0A AA  A4 0A AE EA  0A A4 AA 0A 
A4 44 0E 24  8E 0C 88 8C  08 84 22 06  22 26 04 A0 
00 00 00 0E  08 40 00 00  4A EA 00 CC  AE 00 68 86 
00 CA AC 00  EC 8E 00 E8  C8 00 68 A6  00 AA EA 00 
40 44 00 E4  4C 00 AA CA  00 88 8E 00  EE AA 00 CA 
AA 00 6A AC  00 CA C8 00  EA C6 00 EA  CA 00 EC 6E 
00 E4 44 00  AA AE 00 AA  A4 00 AA EE  00 AA 4A 00 
AA 44 00 E6  CE 02 4C 42  04 44 44 08  46 48 00 2E 
80 00 00 00  00 00 00 00  00 00 00 00  00 00 00 00 
00 00 00 00  00 00 00 00  00 00 00 00  00 00 00 00 
00 00 00 00  00 00 00 00  00 00 00 00  00 00 00 00 
00 00 00 00  00 00 00 00  00 00 00 00  00 00 00 00 
00 00 00 00  00 00 00 00  00 00 00 00  00 00 00 00 
00 00 00 00  00 00 00 00  00 00 00 00  00 00 00 00 
00 00 00 00  EC A1 00 73  58 00 00 1A  CE 00 85 37 
06 99 60 00  F9 00 69 1F  FF 06 9F FF  00 1A 40 F9 
BD 9F F9 99  9F 0C A9 9F  0C FF F0 03  2E E0 05 B7 
31 0C EC 80  09 90 96 09  90 69 09 90  0F 09 90 6F 
09 90 F6 09  90 86 00 66  00 06 FF 60  00 69 F6 00 
6B 60 09 9F  69 00 8D FF  CE EC CE 02  59 96 04 EE 
A0 83 48 34  A0 50 A0 5A  5A 5A EF BE  F7 FF FF FF 
00 0F FF CC  CC CC CC C3  33 CC C0 00  33 30 00 00 
0C CC 00 03  33 0F 0F 0F  AA AA AA 36  C9 36 C6 39 
C6 F4 4F 11  00 03 22 00  0F 22 00 0E  22 00 77 66 
00 FF 66 00  EE 66 00 07  66 00 0F 66  00 0E 66 00 
33 22 00 FF  22 00 EE 22  22 22 22 00  0F 00 66 66 
66 00 FF 00  22 23 22 22  2F 22 22 2E  22 66 77 66 
66 FF 66 66  EE 66 66 67  66 66 6F 66  66 6E 66 22 
33 22 22 FF  22 22 EE 22  00 34 88 00  C2 11 00 13 
7F 00 8C EF  22 23 00 22  2F 00 22 2E  00 66 77 00 
66 FF 00 66  EE 00 66 67  00 66 6F 00  66 6E 00 22 
33 00 22 FF  00 22 EE 00  88 43 00 11  2C 00 F7 31 
00 FE C8 00  04 06 00 00  67 08 80 10  67 09 80 11 
05 00 01 03  37 06 06 FE  57 02 03 40  57 08 03 38 
05 00 02 04  37 06 06 FE  57 02 03 40  57 08 03 38 
04 01 00 00  53 06 06 98  04 01 FF 00  53 06 06 98 
04 01 01 00  53 06 06 98  04 06 00 00  67 08 80 10 
67 09 80 11  05 00 02 04  37 06 06 F1  57 01 03 64 
53 06 03 68  30 01 01 01  10 02 02 04  10 01 01 03 
53 06 06 98  04 06 00 00  67 08 80 10  67 09 80 11 
07 00 04 00  57 04 03 AC  07 00 03 00  57 04 06 98 
32 03 03 01  35 02 02 02  37 04 01 01  34 04 04 80 
10 02 02 04  35 01 01 02  53 06 03 88  07 00 03 00 
57 04 06 98  32 03 03 01  34 01 01 02  37 04 02 80 
35 04 04 80  10 01 01 04  34 02 02 02  53 06 03 AC 
04 06 00 00  67 08 80 10  67 09 80 11  05 00 02 04 
37 06 06 FE  57 08 03 EC  53 06 03 F0  32 01 01 01 
12 02 02 04  12 01 01 03  53 06 06 98  04 06 00 00 
03 0A 01 00  03 01 08 00  03 02 09 00  53 06 05 C0 
03 01 0A 00  07 00 01 00  57 04 04 64  63 02 80 20 
04 03 00 00  05 00 02 03  57 04 04 64  03 04 03 00 
34 04 04 03  30 04 04 22  61 05 80 04  05 00 05 01 
57 04 04 4C  30 03 03 01  53 06 04 24  04 05 00 00 
30 04 04 01  61 01 80 04  30 04 04 01  61 02 80 04 
53 06 06 40  04 05 07 00  53 06 06 40  04 06 00 00 
03 0A 01 00  03 01 08 00  03 02 09 00  53 06 05 C0 
03 01 0A 00  07 00 01 00  57 04 04 EC  63 02 80 20 
04 03 00 00  05 00 02 03  57 04 04 EC  03 04 03 00 
34 04 04 03  30 04 04 22  61 05 80 04  05 00 05 01 
57 04 04 BC  30 03 03 01  53 06 04 94  03 05 04 00 
30 05 05 01  61 03 80 05  30 05 05 01  61 04 80 05 
30 05 05 02  61 01 80 05  30 05 05 01  61 02 80 05 
04 05 00 00  53 06 03 D0  53 06 06 40  04 05 02 00 
53 06 06 40  04 06 00 00  03 0A 01 00  03 0B 02 00 
03 0C 03 00  03 0D 04 00  03 0E 05 00  03 01 08 00 
03 02 09 00  53 06 05 C0  03 01 0A 00  53 06 03 FC 
07 00 05 00  57 04 05 2C  53 06 06 40  07 00 0A 01 
57 04 05 54  07 00 0A 02  57 04 05 54  07 00 0A 03 
57 04 05 64  07 00 0A 04  57 04 05 54  07 00 0A 05 
57 04 05 54  04 05 08 00  53 06 06 40  30 01 01 01 
50 06 08 09  07 00 0B 01  57 04 05 88  07 00 0B 02 
57 04 05 90  07 00 0B 03  57 04 05 A8  53 06 05 80 
60 04 01 02  53 06 06 40  64 04 01 02  53 06 06 40 
07 00 02 FF  37 06 06 0E  57 04 05 5C  30 02 02 01 
60 04 01 02  53 06 06 40  07 00 02 FF  37 06 06 0E 
57 04 05 5C  30 02 02 01  64 04 01 02  53 06 06 40 
04 06 00 00  67 08 80 10  67 09 80 11  63 03 80 00 
63 04 80 01  63 05 80 02  05 00 03 05  37 06 06 FE 
57 08 05 F8  63 05 80 03  05 00 04 05  37 06 06 FE 
57 08 05 F8  53 06 06 38  04 05 00 00  64 01 03 04 
07 00 04 FF  37 06 06 FE  57 04 06 30  30 04 04 01 
64 02 03 04  07 00 04 FF  37 06 06 FE  57 04 06 30 
30 04 04 01  67 03 80 00  67 04 80 01  53 06 06 98 
30 03 03 01  53 06 06 98  04 05 01 00  53 06 06 40 
04 06 00 00  53 06 0E 98  63 01 80 00  63 02 80 01 
07 00 02 00  57 04 06 90  32 02 02 01  60 03 01 02 
07 00 02 00  57 04 06 90  32 02 02 01  60 04 01 02 
67 01 80 00  67 02 80 01  67 04 80 10  67 03 80 11 
53 06 0E B0  63 08 80 10  63 09 80 11  50 06 08 09 
32 01 01 01  50 06 08 09  63 08 80 10  63 09 80 11 
50 06 08 09  04 06 00 00  03 0E 01 00  03 01 08 00 
03 02 09 00  53 06 05 C0  63 0F 80 46  03 02 0E 00 
04 01 00 00  04 03 00 00  03 04 02 00  53 06 03 48 
53 06 03 48  04 03 00 00  04 04 04 00  53 06 03 48 
03 0C 01 00  03 0D 02 00  07 00 0E 08  57 04 08 24 
6B 00 80 18  53 06 06 F8  63 0A 80 44  63 0B 80 45 
04 01 00 00  07 00 01 06  57 04 07 B0  36 02 01 02 
07 00 02 00  57 04 07 20  04 02 00 00  53 06 07 38 
60 0E 0C 0D  07 00 0D FF  37 06 06 0E  57 04 08 A0 
30 0D 0D 01  04 02 00 00  07 00 02 02  57 04 07 84 
37 03 0E 80  07 00 03 00  57 04 08 A8  57 02 08 B8 
34 0E 0E 02  37 03 0E 80  07 00 03 00  57 04 08 A8 
57 02 08 B8  34 0E 0E 02  64 04 0A 0B  07 00 0B FF 
37 06 06 0E  57 04 08 98  30 0B 0B 01  30 02 02 01 
53 06 07 38  03 05 01 00  03 01 0A 00  03 02 0B 00 
04 03 00 00  04 04 3E 00  53 06 03 48  03 0A 01 00 
03 0B 02 00  03 01 05 00  30 01 01 01  53 06 07 04 
63 01 80 18  07 00 01 01  57 04 08 90  63 01 80 42 
63 02 80 43  63 03 80 44  63 04 80 45  07 00 01 1F 
57 04 07 F8  53 06 07 D8  30 01 01 01  67 01 80 42 
04 01 00 00  04 02 02 00  53 06 03 48  67 01 80 44 
67 02 80 45  53 06 08 90  07 00 02 14  57 04 08 90 
30 02 02 01  67 02 80 43  6B 00 80 42  04 01 01 00 
04 02 42 00  53 06 03 48  67 01 80 44  67 02 80 45 
53 06 08 90  6B 01 80 18  63 01 80 42  63 02 80 43 
63 03 80 44  63 04 80 45  07 00 01 00  57 04 08 64 
53 06 08 44  32 01 01 01  67 01 80 42  04 01 FF 00 
04 02 FE 00  53 06 03 48  67 01 80 44  67 02 80 45 
53 06 06 F8  07 00 02 00  57 04 06 F8  32 02 02 01 
67 02 80 43  6B 1F 80 42  04 01 FE 00  04 02 BE 00 
53 06 03 48  67 01 80 44  67 02 80 45  53 06 06 F8 
04 05 00 00  53 06 06 40  30 0A 0A 01  50 06 08 09 
30 0C 0C 01  50 06 08 09  37 05 0F 0F  34 04 04 10 
10 04 04 05  50 06 08 09  37 05 0F F0  35 05 05 10 
34 04 04 10  10 04 04 05  50 06 08 09  04 06 00 00 
67 08 80 10  67 09 80 11  67 01 80 18  67 02 80 19 
37 03 03 0F  67 03 80 1A  03 04 02 00  34 02 02 40 
35 04 04 04  35 01 01 02  05 00 02 01  37 06 06 F1 
57 01 09 08  53 06 09 0C  30 04 04 01  10 02 02 01 
03 01 04 00  63 03 80 40  63 04 80 41  05 00 02 04 
37 06 06 F1  57 01 09 2C  53 06 09 30  30 01 01 01 
10 02 02 04  10 01 01 03  63 03 80 1A  63 04 80 18 
36 04 04 02  07 00 04 00  57 04 09 60  60 04 01 02 
37 04 04 F0  10 04 04 03  64 04 01 02  53 06 06 98 
60 04 01 02  37 04 04 0F  34 03 03 10  10 04 04 03 
64 04 01 02  53 06 06 98  04 06 00 00  03 01 08 00 
03 02 09 00  53 06 05 C0  63 01 80 08  63 02 80 09 
63 03 80 04  63 04 80 05  53 06 03 D0  07 00 02 06 
37 06 06 FE  57 08 09 E0  03 01 0A 00  53 06 0A 70 
03 01 0B 00  53 06 0A 70  03 01 0C 00  53 06 0A 70 
03 01 0D 00  53 06 0A 70  03 01 0E 00  53 06 0A 70 
03 01 0F 00  53 06 0A 70  04 05 00 00  53 06 06 40 
04 05 05 00  53 06 06 40  04 06 00 00  67 01 80 12 
67 02 80 13  67 03 80 14  67 04 80 15  03 01 08 00 
03 02 09 00  53 06 05 C0  63 01 80 04  63 02 80 05 
63 03 80 06  63 04 80 07  53 06 03 D0  07 00 02 06 
37 06 06 FE  57 08 0A 64  53 06 0A D8  03 0F 01 00 
53 06 0A D8  03 0E 01 00  53 06 0A D8  03 0D 01 00 
53 06 0A D8  03 0C 01 00  53 06 0A D8  03 0B 01 00 
53 06 0A D8  03 0A 01 00  53 06 0E B0  04 05 00 00 
53 06 06 40  53 06 0E B0  04 05 06 00  53 06 06 40 
04 06 00 00  67 08 80 10  67 09 80 11  63 02 80 04 
63 03 80 05  63 04 80 08  05 00 02 04  37 06 06 FE 
57 08 0A A8  63 04 80 09  05 00 03 04  37 06 06 FE 
57 08 0A A8  53 06 0A D0  64 01 02 03  07 00 03 FF 
37 06 06 FE  57 04 0A C4  30 03 03 01  67 03 80 05 
53 06 06 98  30 02 02 01  67 02 80 04  53 06 0A B8 
04 05 03 00  53 06 06 98  04 06 00 00  67 08 80 10 
67 09 80 11  63 02 80 04  63 03 80 05  63 04 80 06 
05 00 02 04  37 06 06 FE  57 02 0B 10  63 04 80 07 
05 00 03 04  37 06 06 FE  57 02 0B 10  53 06 0B 38 
07 00 03 00  37 06 06 FE  57 04 0B 2C  32 03 03 01 
67 03 80 05  60 01 02 03  53 06 06 98  32 02 02 01 
67 02 80 04  53 06 0B 1C  04 05 04 00  53 06 06 98 
6B 81 80 00  6B 00 80 01  6B 81 80 02  6B 1F 80 03 
6B 81 80 04  6B 20 80 05  6B 81 80 06  6B 20 80 07 
6B 81 80 08  6B 2A 80 09  6B 06 80 20  6B 0A 80 21 
6B 01 80 22  6B 00 80 23  6B 00 80 24  6B 02 80 25 
6B 80 80 26  6B 00 80 27  6B 00 80 28  6B D8 80 29 
6B 00 80 2A  6B 03 80 2B  6B DF 80 2C  6B FE 80 2D 
6B 04 80 2E  6B E0 80 2F  6B 00 80 30  6B 05 80 31 
6B DF 80 32  6B FD 80 33  6B E0 80 40  6B 00 80 41 
6B 00 80 42  6B 00 80 43  6B E0 80 44  6B 00 80 45 
6B F0 80 46  63 01 DF FE  07 00 01 00  57 04 0B D4 
53 06 06 A4  53 06 0B D4  6B 00 82 00  6B 40 82 01 
04 01 05 00  53 06 03 FC  67 01 82 02  67 02 82 03 
6B 1F 82 04  04 0A 00 00  63 01 82 02  63 02 82 03 
60 03 01 02  63 04 82 04  05 00 04 03  37 06 06 0E 
57 04 0C 28  53 06 0C 08  30 04 04 20  67 04 82 04 
63 01 82 00  63 02 82 01  04 03 00 00  53 06 08 CC 
63 01 82 00  63 02 82 01  30 01 01 01  67 01 82 00 
04 03 0F 00  53 06 08 CC  30 0A 0A 01  53 06 0C 08 
04 01 00 00  04 02 00 00  04 03 0A 00  53 06 08 CC 
04 01 01 00  04 02 00 00  04 03 09 00  53 06 08 CC 
04 01 00 00  04 02 01 00  04 03 0B 00  53 06 08 CC 
04 0C 00 00  04 0B 00 00  07 00 0B 80  37 06 06 0E 
57 04 0C DC  04 0A 00 00  07 00 0A 80  37 06 06 0E 
57 04 0C D0  03 01 0B 00  03 02 0A 00  36 03 0C 10 
53 06 08 CC  30 0C 0C 01  30 0A 0A 01  53 06 0C A8 
30 0C 0C 01  30 0B 0B 01  53 06 0C 98  02 00 00 00 
04 01 00 00  53 06 04 F4  07 00 05 00  57 04 0E 94 
04 01 01 00  53 06 04 F4  07 00 05 00  57 04 0E 94 
04 01 03 00  53 06 04 F4  07 00 04 61  57 04 0E 90 
53 06 0D 00  53 06 09 78  07 00 05 00  57 02 0E 94 
04 01 02 00  53 06 03 FC  53 06 09 E8  04 06 00 00 
07 00 01 80  37 06 06 FE  57 04 0D 44  04 05 81 00 
53 06 0E 94  07 00 02 00  37 06 06 FE  57 04 0D 58 
04 05 82 00  53 06 0E 94  04 01 02 00  53 06 04 6C 
07 00 01 58  37 06 06 0E  57 04 0D 74  04 05 83 00 
53 06 0E 94  07 00 02 00  37 06 06 FE  57 04 0E 90 
04 05 84 00  53 06 0E 94  04 0A 11 00  04 0B 22 00 
04 0C 33 00  04 0D 44 00  04 0E 55 00  04 0F 66 00 
53 06 09 78  07 00 05 00  57 02 0E 94  53 06 09 78 
07 00 05 00  57 04 0E 94  04 0A 00 00  04 0B 00 00 
04 0C 00 00  04 0D 00 00  04 0E 00 00  04 0F 00 00 
53 06 09 E8  07 00 05 00  57 02 0E 94  53 06 09 E8 
07 00 05 00  57 04 0E 94  02 00 00 00  04 01 01 00 
53 06 0A 70  07 00 05 00  57 02 0E 94  04 01 02 00 
53 06 0A 70  04 01 03 00  53 06 0A 70  04 01 04 00 
53 06 0A 70  04 01 05 00  53 06 0A 70  07 00 05 00 
57 04 0E 94  53 06 0A D8  07 00 01 04  57 04 0E 38 
04 05 81 00  53 06 0E 94  53 06 0A D8  53 06 0A D8 
53 06 0A D8  53 06 0A D8  07 00 05 00  57 04 0E 94 
02 00 00 00  04 01 10 00  04 02 FF 00  04 03 02 00 
04 04 48 00  53 06 03 48  07 00 01 13  37 06 06 FE 
57 04 0E 7C  04 05 81 00  53 06 0E 94  07 00 02 47 
37 06 06 FE  57 04 0E 90  04 05 82 00  53 06 0E 94 
02 00 00 00  53 06 0E 94  67 01 80 12  67 02 80 13 
67 03 80 14  67 04 80 15  67 05 80 16  50 06 08 09 
63 01 80 12  63 02 80 13  63 03 80 14  63 04 80 15 
63 05 80 16  50 06 08 09  