53 06 00 0C  50 06 08 09  1D 7B 00 08  00 00 00 00 
04 04 04 00  04 06 00 00  04 01 AA 00  04 02 BB 00 
03 01 02 00  07 00 01 BB  37 06 06 FE  53 04 00 3C 
53 06 00 34  04 05 03 00  53 06 00 34  04 06 00 00 
04 01 88 00  04 02 88 00  05 00 01 02  37 06 06 FE 
53 04 00 60  53 06 00 58  04 05 05 00  53 06 00 58 
04 06 00 00  04 02 88 00  06 00 88 02  37 06 06 FE 
53 04 00 80  53 06 00 78  04 05 06 00  53 06 00 78 
04 06 00 00  08 00 88 88  37 06 06 FE  53 04 00 9C 
53 06 00 94  04 05 08 00  53 06 00 94  04 06 00 00 
04 03 00 00  04 01 11 00  04 02 22 00  10 03 01 02 
07 00 03 33  53 04 00 C4  53 06 00 BC  04 05 10 00 
53 06 00 BC  04 06 00 00  04 03 00 00  04 01 11 00 
20 03 22 01  07 00 03 33  53 04 00 E8  53 06 00 E0 
04 05 20 00  53 06 00 E0  04 06 00 00  04 03 00 00 
04 01 11 00  30 03 01 22  07 00 03 33  53 04 01 0C 
53 06 01 04  04 05 30 00  53 06 01 04  04 06 00 00 
04 03 00 00  40 03 11 22  07 00 03 33  53 04 01 2C 
53 06 01 24  04 05 40 00  53 06 01 24  04 06 00 00 
04 03 00 00  04 01 11 00  04 02 22 00  11 03 01 02 
07 00 03 34  53 04 01 54  53 06 01 4C  04 05 11 00 
53 06 01 4C  04 06 00 00  04 03 00 00  04 01 11 00 
21 03 22 01  07 00 03 34  53 04 01 78  53 06 01 70 
04 05 20 00  53 06 01 70  04 06 00 00  04 03 00 00 
04 01 11 00  31 03 01 22  07 00 03 34  53 04 01 9C 
53 06 01 94  04 05 30 00  53 06 01 94  04 06 00 00 
04 03 00 00  41 03 11 22  07 00 03 34  53 04 01 BC 
53 06 01 B4  04 05 40 00  53 06 01 B4  04 06 00 00 
04 03 00 00  04 01 22 00  04 02 10 00  12 03 01 02 
07 00 03 12  53 04 01 E4  53 06 01 DC  04 05 12 00 
53 06 01 DC  04 06 00 00  04 03 00 00  04 02 10 00 
22 03 22 02  07 00 03 12  53 04 02 08  53 06 02 00 
04 05 22 00  53 06 02 00  04 06 00 00  04 03 00 00 
04 01 22 00  32 03 01 10  07 00 03 12  53 04 02 2C 
53 06 02 24  04 05 32 00  53 06 02 24  04 06 00 00 
04 03 00 00  42 03 22 10  07 00 03 12  53 04 02 4C 
53 06 02 44  04 05 42 00  53 06 02 44  04 06 00 00 
04 03 00 00  04 01 22 00  04 02 10 00  13 03 01 02 
07 00 03 11  53 04 02 74  53 06 02 6C  04 05 13 00 
53 06 02 6C  04 06 00 00  04 03 00 00  04 02 10 00 
23 03 22 02  07 00 03 11  53 04 02 98  53 06 02 90 
04 05 23 00  53 06 02 90  04 06 00 00  04 03 00 00 
04 01 22 00  33 03 01 10  07 00 03 11  53 04 02 BC 
53 06 02 B4  04 05 33 00  53 06 02 B4  04 06 00 00 
04 03 00 00  43 03 22 10  07 00 03 11  53 04 02 DC 
53 06 02 D4  04 05 43 00  53 06 02 D4  04 06 00 00 
04 03 00 00  04 01 07 00  04 02 06 00  14 03 01 02 
07 00 03 2A  53 04 03 04  53 06 02 FC  04 05 14 00 
53 06 02 FC  04 06 00 00  04 03 00 00  04 02 06 00 
24 03 07 02  07 00 03 2A  53 04 03 28  53 06 03 20 
04 05 24 00  53 06 03 20  04 06 00 00  04 03 00 00 
04 01 07 00  34 03 01 06  07 00 03 2A  53 04 03 4C 
53 06 03 44  04 05 34 00  53 06 03 44  04 06 00 00 
04 03 00 00  44 03 07 06  07 00 03 2A  53 04 03 6C 
53 06 03 64  04 05 44 00  53 06 03 64  04 06 00 00 
04 03 01 00  04 01 0A 00  04 02 03 00  15 03 01 02 
07 00 03 03  53 04 03 94  53 06 03 8C  04 05 15 00 
53 06 03 8C  04 06 00 00  04 03 00 00  04 02 03 00 
25 03 0A 02  07 00 03 03  53 04 03 B8  53 06 03 B0 
04 05 25 00  53 06 03 B0  04 06 00 00  04 03 00 00 
04 01 0A 00  35 03 01 03  07 00 03 03  53 04 03 DC 
53 06 03 D4  04 05 35 00  53 06 03 D4  04 06 00 00 
04 03 00 00  45 03 0A 03  07 00 03 03  53 04 03 FC 
53 06 03 F4  04 05 45 00  53 06 03 F4  04 06 00 00 
04 03 00 00  04 01 0A 00  04 02 03 00  16 03 01 02 
07 00 03 01  53 04 04 24  53 06 04 1C  04 05 16 00 
53 06 04 1C  04 06 00 00  04 03 00 00  04 02 03 00 
26 03 0A 02  07 00 03 01  53 04 04 48  53 06 04 40 
04 05 26 00  53 06 04 40  04 06 00 00  04 03 00 00 
04 01 0A 00  36 03 01 03  07 00 03 01  53 04 04 6C 
53 06 04 64  04 05 36 00  53 06 04 64  04 06 00 00 
04 03 00 00  46 03 0A 03  07 00 03 01  53 04 04 8C 
53 06 04 84  04 05 46 00  53 06 04 84  04 06 00 00 
04 03 00 00  04 01 2A 00  04 02 17 00  17 03 01 02 
07 00 03 02  53 04 04 B4  53 06 04 AC  04 05 17 00 
53 06 04 AC  04 06 00 00  04 03 00 00  04 02 17 00 
27 03 2A 02  07 00 03 02  53 04 04 D8  53 06 04 D0 
04 05 27 00  53 06 04 D0  04 06 00 00  04 03 00 00 
04 01 2A 00  37 03 01 17  07 00 03 02  53 04 04 FC 
53 06 04 F4  04 05 37 00  53 06 04 F4  04 06 00 00 
04 03 00 00  47 03 2A 17  07 00 03 02  53 04 05 1C 
53 06 05 14  04 05 47 00  53 06 05 14  04 06 00 00 
04 03 00 00  04 01 2A 00  04 02 17 00  18 03 01 02 
07 00 03 3F  53 04 05 44  53 06 05 3C  04 05 18 00 
53 06 05 3C  04 06 00 00  04 03 00 00  04 02 17 00 
28 03 2A 02  07 00 03 3F  53 04 05 68  53 06 05 60 
04 05 28 00  53 06 05 60  04 06 00 00  04 03 00 00 
04 01 2A 00  38 03 01 17  07 00 03 3F  53 04 05 8C 
53 06 05 84  04 05 38 00  53 06 05 84  04 06 00 00 
04 03 00 00  48 03 2A 17  07 00 03 3F  53 04 05 AC 
53 06 05 A4  04 05 48 00  53 06 05 A4  04 06 00 00 
04 03 00 00  04 01 2A 00  04 02 17 00  19 03 01 02 
07 00 03 3D  53 04 05 D4  53 06 05 CC  04 05 19 00 
53 06 05 CC  04 06 00 00  04 03 00 00  04 02 17 00 
29 03 2A 02  07 00 03 3D  53 04 05 F8  53 06 05 F0 
04 05 29 00  53 06 05 F0  04 06 00 00  04 03 00 00 
04 01 2A 00  39 03 01 17  07 00 03 3D  53 04 06 1C 
53 06 06 14  04 05 39 00  53 06 06 14  04 06 00 00 
04 03 00 00  49 03 2A 17  07 00 03 3D  53 04 06 3C 
53 06 06 34  04 05 49 00  53 06 06 34  04 06 00 00 
04 01 AA 00  04 02 BB 00  04 03 00 00  04 04 04 00 
50 06 03 04  03 01 08 00  03 02 09 00  07 00 01 00 
53 04 06 68  53 06 06 74  07 00 02 08  53 04 06 7C 
53 06 06 74  04 05 50 00  53 06 06 74  04 06 00 00 
04 01 AA 00  04 02 BB 00  04 04 04 00  51 06 00 04 
03 01 08 00  03 02 09 00  07 00 01 00  53 04 06 A4 
53 06 06 B0  07 00 02 08  53 04 06 B8  53 06 06 B0 
04 05 51 00  53 06 06 B0  04 06 00 00  04 01 AA 00 
04 02 BB 00  04 03 00 00  52 06 03 04  03 01 08 00 
03 02 09 00  07 00 01 00  53 04 06 E0  53 06 06 EC 
07 00 02 08  53 04 06 F4  53 06 06 EC  04 05 52 00 
53 06 06 EC  04 06 00 00  04 01 AA 00  04 02 BB 00 
53 06 00 04  03 01 08 00  03 02 09 00  07 00 01 00 
53 04 07 18  53 06 07 24  07 00 02 08  53 04 07 2C 
53 06 07 24  04 05 53 00  53 06 07 24  04 06 00 00 
04 01 AA 00  04 02 BB 00  04 03 00 00  04 04 04 00 
54 00 03 04  03 01 08 00  03 02 09 00  07 00 01 00 
53 04 07 58  53 06 07 64  07 00 02 08  53 04 07 6C 
53 06 07 64  04 05 54 00  53 06 07 64  04 06 00 00 
04 01 AA 00  04 02 BB 00  04 04 04 00  55 00 00 04 
03 01 08 00  03 02 09 00  07 00 01 00  53 04 07 94 
53 06 07 A0  07 00 02 08  53 04 07 A8  53 06 07 A0 
04 05 55 00  53 06 07 A0  04 06 00 00  04 01 AA 00 
04 02 BB 00  04 03 00 00  56 00 03 04  03 01 08 00 
03 02 09 00  07 00 01 00  53 04 07 D0  53 06 07 DC 
07 00 02 08  53 04 07 E4  53 06 07 DC  04 05 56 00 
53 06 07 DC  04 06 00 00  04 01 AA 00  04 02 BB 00 
57 00 00 04  03 01 08 00  03 02 09 00  07 00 01 00 
53 04 08 08  53 06 08 14  07 00 02 08  53 04 08 1C 
53 06 08 14  04 05 57 00  53 06 08 14  04 06 00 00 
04 03 00 00  04 01 00 00  04 02 08 00  60 03 01 02 
07 00 03 1D  53 04 08 44  53 06 08 3C  04 05 60 00 
53 06 08 3C  04 06 00 00  04 03 00 00  04 02 08 00 
61 03 00 02  07 00 03 1D  53 04 08 68  53 06 08 60 
04 05 61 00  53 06 08 60  04 06 00 00  04 03 00 00 
04 01 00 00  62 03 01 08  07 00 03 1D  53 04 08 8C 
53 06 08 84  04 05 62 00  53 06 08 84  04 06 00 00 
04 03 00 00  63 03 00 08  07 00 03 1D  53 04 08 AC 
53 06 08 A4  04 05 63 00  53 06 08 A4  04 01 00 00 
04 02 08 00  04 03 64 00  64 03 01 02  63 01 00 08 
07 00 01 64  53 04 08 D4  53 06 08 CC  04 05 64 00 
53 06 08 CC  04 02 08 00  04 03 65 00  65 03 00 02 
63 01 00 08  07 00 01 65  53 04 08 F8  53 06 08 F0 
04 05 65 00  53 06 08 F0  04 01 00 00  04 03 66 00 
66 03 01 08  63 01 00 08  07 00 01 66  53 04 09 1C 
53 06 09 14  04 05 66 00  53 06 09 14  04 03 67 00 
67 03 00 08  63 01 00 08  07 00 01 67  53 04 09 3C 
53 06 09 34  04 05 67 00  53 06 09 34  04 01 00 00 
04 02 08 00  68 68 01 02  63 01 00 08  07 00 01 68 
53 04 09 60  53 06 09 58  04 05 68 00  53 06 09 58 
04 02 08 00  69 69 00 02  63 01 00 08  07 00 01 69 
53 04 09 80  53 06 09 78  04 05 69 00  53 06 09 78 
04 01 00 00  6A 6A 01 08  63 01 00 08  07 00 01 6A 
53 04 09 A0  53 06 09 98  04 05 6A 00  53 06 09 98 
6B 6B 00 08  63 01 00 08  07 00 01 6B  53 04 09 BC 
53 06 09 B4  04 05 6B 00  53 06 09 B4  02 00 00 00 
